12

Herr Doctoren 3313131133331313113 31133 mig 3333333113133
333313 3311 3331333 33133, 3331 1 331 11313133 33 33333331
33333331331. 133 333133 med 3333133333 333313 och 33333
3311133331 31 13 reda 33 33333 3311333333 visa. Skulle
Herr Doctoren 3111111333 113113 3133331133 333 1133331133 Β311-
manns 13333333, 3331 vi 33 1133331131 333333 111133311333 33
3331131333 Ᾱ33ρ 133 31 par 33 sedan?

133 131333 33 333331 1 Djurchemi och husreparatio-
ner. ——————— ,

11333133 3311 13133133
133. Berzelius.

Stoekholm 3. 25 133. 1830.

Aj, aj, 113313 1133333, 33 333133 311 1111311133 31 11333
33 33311 31 1-3 var 133; 3333133113 var 331331 31 1133 31-
31113333 333 333 13311333 33133, ty den flickan 331333 mo·
33311331 333333 31 03331133 331 333 jag. (133 33 33331 3133
1 33133 3311 33313 ej bort 133 1333 113, ty den 33 31133133
13313333. —————

133 1133, 33333 3311313333 111331 3331133131, 333 jag
33 1333333 3133 3133311333 3331 vore 333, 33311 111 1131333
1331113. 1113333333 1133 1331 31 mig 3311331331131333,
3333133333] 133 33 33 1333333 31333113331333 31 33 1131313,
¹ hvilket jag 1333113333 mig 33333133 3331, 1131331 mina gik·
1133 1333 3311 131133 1111333 333131 1113111333 3113 3133111
1313. I laboratorium 1133 33 113 1133131131313333111111311
131331 33 3313. 133 33113133 med att 13 3333 33 3311 31-
skilja 33 3333333333 3331 113333 3331, 1333 33113333333333
133 33 31 133 31 1333 333113 133 13 33 313333 3133 vill. Men
33113 33 311 1311 3103313133, 3331 ej 13133333333Η3. [13313333
3311 jag afbryter 3331333. ·

31111113 1133 Μ113311331131113131 31311311, 113331333313333

Η333 1133133333 1133133333 med 33313333, 31133131131331131

 

