366

vill 1311333 1 3113131, med 1111131 1113311 1113311313, 31-
11331 131311 31 113 331 131131131, 311313 3113133 11113
331 1313 113131313 311111131131. 1131 1113 131311113313
1113113131 11 111 311 13111 1111311111113313111113131113133,
men 1333 1111133313 11131113111311313311133, 111131133
1111311131.

13113113 111 111131 111331 111311133131111111113311-
131, 311 1 3131113 1311131 313131113111333113131131111311133
1131131 1111113131313 311313131311311133 331 11131113 33111111,
1311331311 111111331, 31113 13311111 13113311131131131-
marna i 31111311 311311,131313113111131133, 13111113
31311111 313 till 311 311311313 31113, 31111111113113, 331111-
1111131113 1 113 3111111311111313131311131113131131131.
01131111111 13113 111113 31333, 311 131 1111313113 313311-
33113131 31 1113 11113 31113131 111131 11 11111133 principer
och i 31311 3311 11 111111313311113113. 131 erbjuder 1111131-
11131 3113 [1111313131 1111 31 11131311133111133311311111111
11 311313 3111113 31 33313113133333131131, 1131311313
133 31133 1313 111 11111313113111111313311131131131113113113
3311111133 1111313113 13131.

8313131313 31111133 33113131313, 131111113111, 13131
313311313 1111, som vi alla 111113, 131111111111131 31111-
131 13 11111113 11111131131311131133111313111113. Β3
,11131331 11131 83313131313 131133111311113113111111113
1131, 11311131 131111 13113 3113 311 31311133 31 1311 Ε11.
Hjelt, 311111131 113113111131 311111311311 3311313131313
31131111. 133 11111 11111331 11 131311 1113113113 31131.

111131 1313113331 bruk 11311131 13131131 1311 (131311,
1111 11111131 31111131133113131 11311 83313131311111 331 med
i dag 11131311, 31111 11111113 311 13131111131131 3111113-
1113, 13131113113 ,1131331113 8131131 1113131 1111111111
1133133131 1311133311.

 

