111

911 191 111999 91 sagda hus och 91 99 9911 19139199 9911-
skapens 39999999999939193991191919119111111991199 99 9919391199;

911 11111 99991 9391 19999919 9111111919 11119911111191 11911111-
19999 99999 9919399999 99999999119193ς

911 991939119999 911911 ur 9111999911 919991 111199199111191-
11199999 91 bibliotekarie, 99911111199191199919 191 1113399999,
3,000 mark, 1111 9111199999 91 111119999911111119191191, 1911999199
9911 919919, 11111119 3919911911, 99911191199111119193913919 9911
3919 3,000 9191191111 9191111919, porto och 9119999912000 mark
9119999111 1111 11199919 999991399193111191939119 4,000 mark om
11191, 19119991 1119 999 1 Juni 1899;

911 91911919191199, 191199919199 9911 9199199 911919 1111119-
991 9191919111 1199199 9199 191919, 99911

91191 911199999 mede} 1119 99199999 ’99991111919119919999
(ῃΙᾶἵὼίίιίέἶ) Ι1131131111 1111 999119119ηά9 91 19111191 9911919319199911131111

[19119 191991 Ε991 1111 1199999919 1199399991 1919919199-
991991. 119191931919 999 19 Augusti 1899.

Enligt Hans Kejserliga 1191991919 9391 1199191 9911 111999
Η1139 Namn

Dess 11111919199999 8999119111919119.

Det 919139 1991919191 9111111999 91 99 9191119199 1119 Ε91119-
siastik-Expeditionen 919991199 993, 111911 9999919999, bland 99-
991, 911 Kejserliga Senaten 9911119999 9999999111919399 91 999
9919391199, som skall 1111991199 1111 191999 919911919999199-
skapliga 191991939199 1199111199 119991 9911 99 9911 19131999 91111-
91199999 3919999919919 993911399119191, 199911 3991 111191999;

911 11119119 Vetenskaps-Societeten eger 1111 9999991199 11199
99 19999191 9911 99 suppleant 1919911191919199119 9911119991
991111 99 1111139 9911919999 111911 1111 913 99 19991991 9911 99
9911919999

911 1999919191 9911 suppleanter utses 1111919 399399 1111 99919
19199991919 913993 9911 9999119919 1111911 19199991911 999991, 99191

911 99 9919391999 939 9139991199 11199 9191919999 11199-
99111 991939 1111139 199191999191.

119999 11913919 11999 Kejserliga 9999199199111119191119199
1119 Ecklesiastik-Expeditionen 91 999 10 Maj d. 1., 9 99 999193,
som komme 9119191199111199193911999991911939999, beviljat 911
1111911911 91 5000 mark, att 9111919199 1111 1919991999-99919191999
9191919999 1111 1191939999 91 9119139 1113111991 1 91999999 9119-
991991911191193 m. m.

 

