ΠΙ.

1313333 3331333 1131331331331333 3333133333
333333

11311313138331333Τ13113333333 3333133113333 29 p. huhtik. 1900 o
31113331
Arvid Genetz.

Arvoisat 13313311 Kun 133131313133 3113 131333 331
1331313333 3333133133 13311331131113 11313313311113 mahdolli-
sena 33133133 113113113 33133 333133311313313311313131333133-
1331131333 1331113 1313 331333311133113 33 131333311133113 313113,
333113131 13113 3113 1331113333 1311133133 3113 1331133133, 3313
viidenkymmenen vuoden kuluessa 3313331133313333133113-

11333 111331113331133 13113333. En 131133133313113131133133
333133313 13333313333131313 13333111 [3333331333 31-
3313113 331311331331333 33111331 vaan: 311113 1333113, 3.
0. 131333 1333113 33333311133311 33 yhdenmukaisesti 3333133
113113 331 3113311333, 33 13113 333 33113313 3113 voimme 11133-
1131313133 33313133313 131113133313 33311331

113111111111113 31 313 3333 3133333 311333 3311133333333
13133113113 3113 3313333313133311 33 3113 3111313311 1313 Ahl·
(3111311311 31133333. 1113 33 3333 313 11113 1313331113131333
1313 3111313. Silla 331133 3133333 3133333 33 33333331 31113
13333113 3113113133133113331 ovat teoriiasta 3313333113 3131-
131311331, 3113 311331313333 33 3331133131333, 3331333131333 33
13333133131333, 11131333 3311331133131333 133131333 331333
313131333113 3313113113, 3313 11313311 33 13133 1333113133
3331131313333, 33 3113 1333311131131331 111331313313313331 31-
331 3133313 331113331333 1331313, joiden 113133 1333333313 31
313 1313113. 1131133113 33 313 31313 1331333, 311311331333133
313331311331 31131333111331333 33 33333313131333 31131131 311-

 

