6⁶2

1113 31 1111, 3313 31 31313 313111331131, 11133331 11331313
1313331311113 3313313331 31331331 1113113111113133111111-
1113. - 111133 111313133313311 3131 1)]’31311331133 13311111·
3111 111131 131133. 111331111131113331 Η1. Ρ1ο13333133113-
13313313 133113, men 31131111 31131311131131133131331-
11313 13111131. Hans 313 3113 113333 1313113133. 1133
1333111131 33 33333, 1113111 1 131133 1 3113111111133133; 3131
[1313313313 1111133 31 13333, 1111331313313133.
Η1133131 och 1133131)
133. Β31331133.

8133113113 d. 191131. 1839.

Β1313 11313331 83133 131 nu 133331 Ρ1331313331
131 31 11311 Ρ131.113113131311 1113 81313 Babylon, 3113131
13131 11331113 131 1133131313113 11131131 31 d. 2 Sept. 11133-
3331 1111 13 3313111111 mig deri 1331131313 31113133 31 Η311
113133331333 311331113131.

Med anledning 31133 1111313 11113133 31131313113
3113 3113 13313 331 1311113331133 och om det 1111 1333 31·
13131313 13311313131 3311313 3313331, 131311313111133111-
113133 11113, 31 311331113133 331 31133 111111111111 och 31
1311 131 1311 133 1113111131333 31 1311133 3133 31133111
1313, 313313 1131111 1131111, 33 3133 och 11133131 produci.
1111311133 311 11111113 131 1131111313113113111331313131131-
3113 113113 1113313133, 11111313313,11111131311111131313111
31 13113 prof 1313111131 311111 331 111131 3113111313131111-
31131 31133 1131111331· 311 1 331131. Det 11313111 33 31
11333 11131 31133 313311113311. 1131131133 33333 11113
3313 1313 11 31 1111 och 111111313 3111133131113 3111313313
1333313131113 31113133 3111111311113, 3313133 man kan upp-
11113 31313 1113113331 13111131, 3313 133331313111333333-
1113 3311 33131133 1111113 13111313111111311 11113, och 13131

13113133131313133 31 131 1313 31111111 3111113. 1131111133

 

