61

60÷8H Oenol‚ som 00100101010 0111111 110000
mesitylaldehyd
ssc÷10H Oenyl.

11010 1111101101 013 (111101111011001110100001013001
Vid 000101101031001100101101 01101 101100111110110110110101
Til SH2‘? Til KS? 0. s. v. 1100001010101010000110000
110301 100 11330 00300 0010110103 01 10 reda 00 (1000 natur?
Men 00101 100 11030 0130101 mer 000011011001001010,
0030101 30000οΙ1 0111011101.

Μο030 01 1103000 1103011 den 01300101001010100101
jag 01111 0111001110 1 11101). 1111101. 110001000011111300
111011 men 101 011311 1111 den 0001100 volumen 0140 011.
80 1011 jag 101 den 11011011 skal jag til Koch 0110100100]-
plar 1111Η1. Ρ101000010, H. Rose‚ Mitscherlich och Pog· ,
30000111. 0100100 01 11000000010110101011,11330111011 01 110
111 1101011010οη 11111110 00 1101 01 1111111010 001] Liebigs
01001011130011010010 0110011000 00101001010001, 00100101
103 01 31110 00 00001110οἰ010 001 101030 1010 01110101, 01101
det kommit mig 111 100110 10000 denna 0111010103 11031001
1110100. 110110 1010011130 0111010 01010010011011130101001
101 (101101301101130130100 100110 01 010110 1 01110103. Det
1000001 0011000 1100 111 den 013001010 0110101000 0110011103
01 10101 00001 0111010 100 10110 (100001110000130111311101101
1100130 nya 1100110 om 013. 03101, 000011111100010111100110
01110101 01 1011130101, 1001100001 100030 01 11000 0100010 si-
dor, hvilka jag 111101 11110011 1101010110.

103 01030001001101011 01 0111010 1111011100 Liebigska
11001100 001 11010 1 001010001003110101011 01000110 1110010-
11010 0001101, 10 00 1010 jag 1010010101 11011000, men 00-
1011 01 01 001 de Liehigska 001310100 31110 013 30110000 00
11111 1100 013001010 01010100 1111 1003 1111 1011031011. 103101
1001100101 1101113 00310 01 0100111110100101, (10011100 1010
10010101. Det 01 00011 01010001010 0001100010, 1100101-
lan det 01 medge 013 110110 01011 001 det 01110000 010 mot-
01000010 01 100100010 10300 1001101103. 111 dossa vil 100
101 1011101 10110 (101000010;1000(10111011010131010011111

 

