38

mig. Wien ville jag 33333 33; 13311 1331311 8131133111333-
133 jag ej 31131 med sina 1311133133 visitor, som 3313 3113
1113131311. -

sedan 11313 Ρ1ο1. 33 31 3331133113333311, 33 3133333
Tit. 1131 13113 mer: Et 133331 3333331311133133311131 m. 13.
Mina Moorman 3331133 11133 3333 1133 1111113133 31113133
gamla 111313 1111111133 3311 111333331- 1133 3313333133
133113 113333, 311 ingen 11111113 1333311 313113 11331133 313313·
tande bliek, 11311333 11111 hon och 133 311111 1133313333( 1133
3111133 333331131. - ,

Vi hafva 1131 33 Μ3. Lyell en engl. 63313331113113311
3133113133, 3313 disputeradt v. 8333311333833311133113113
11311333 11113133 3311 1131111311 1111 133 31 1111331133 313 331
dess 3313113331 1133131113 113 sedan 3133113 1113111333. Η33
31 31133133 313111 313 31 1333333133 3111333 sig 33 31311 113-
333133311, 31 (13113113 13331 1113113331 1333111113 33 33113 mi·
331 13311 31 33133113 33333 331131331113333331333133111 133-
31133 131 11333 13333 111333. 133 1133331133 331133333 1333313113
33 1133313111 31 31 11333 3133 111333 3331111113, 3331 denna
31 311133 31 1133 113131311111 11331131 31 1133 11311 31311. 333
311131 113113 33 de 33113313 3133 1133311 31131333133311111313
1133 331133 1331133 113311 131313311333 331133131113. 0111Η333
Ρ3313333333 13333 31 13331333 1 33313133, 33 333 det an 31
1333 3131133133 1133 Edinburgh 1111133 Η311133113331131111
6313311313, 31 33 (13111133 med 111133333333111813311113131
och 1131113313 med Dilegeansen til 1131311. Ρ3 detta 3311 kunde
jag 13 311131 3133113Ρ1313333333 1133 3311 jag 1333 333133
311 denna 3333 3113113 33 11113 fort, som 33 33333 1133 3311
113313 13131113. -

133 31113133 1 1133 111 Ρ33333113311 manuskriptet 31
33 31 3113 111 V. Acad. inlemnad ashandling om 3131331·
313333, 3331 31331111 1313 33333133113133 under 3133333133
April, Maj och 33 1131311331. Den 1333331133 3131111133 3311
3331333 ο3131331113113133; 1. 311. 31 3113 3131331313333 (med
undantag 31 3) 313 1113311333 31 3313133 3333331133, 31113333
333 3131311333, 3131133333, magn. jerumalm, olivin, 33311
3311 111311331113 31 1333113113111 31133131, 33131 3313 3133313133

 

