374

hos H. 1616. 116166111 1616611111661611 666161 (1161611666
616161 61 81100 mark.

Enligt den 611616 161616611666116 111161161616 1166-
11666666 1 8166116161 166161 616116616111 1901 661611-
mast fffljande 11 66 616166611166161611616161166611-
1116 1611666 1111611611 661 11616116161616. 111161111-
16616 61 1116161 1111 16 661616116161661611166,1111611616
1661616116 11616 611, (11161616 6111661166661 66111111 161-
116, 611 111111 616116 11 11161661111116166 1616116616111,
hvilka 16166 under 16 6666616 1166 16111111611111 111 16 61
1616661616-8661616166666116616111161161616 forskningarna.
111166 om Rysslands 1611616616 1 16116 161616611666116 16-
16661611116 611616 1 16 16116 1661 1111161116 6116111116 66161-
61161616661111666 161 116116 1161616166 velat 1116116666
till 1111616161 661111611616166111 vid Jordbruksdeparte-
1666161 6616611 11616111. Μ16161616 111 1611116161 661111116-
16161661661161661116161161 1661 661616161 111611 61111-
16166 1111 11161616161616661161616166 1111161661111111161611
616 611161 111 11616616 1611616616 1 1666616161616161, 661
6116111111 om 1116111116166 611 till 611616 1616111 (1166 66
1611666616611111161661. (166616 Kejs. 8666166 1161116166-
61616-5661616166661616111611 inkomma 1661 11116616 116116
116616, 661 1618661616166 11611 166 1666161 11116616, 611,
11 16 61 16616166666 111 Finland 16616166 6616161161616166
611116 66 6616161161 161161116161 11111661,1111116661661898
i 16 166161 661111166161611666 111111, 6611161116 6111111
66116 61611166 16 1616 Ryssland 11116116116616166666
66116616, 16166 1111116616 661 1616616616 161161611661
111161 6611616666 1111161661.

11611 166 111 611616 11, 111 11111166 61111111666161
61 21110 16611161116161616661616-8661616166 111661611111
61 66 1616616611( 1611161611 Η6161611616, 1661 1111111161 111
1666111661161616611 16616616111111616166 61616161161 1111-
1111111111 66 dylik 6661611 11111616 6661611616 (66611661
661 1611111, 1661 6666616 11111116161161, 1616 H. 1616116-
]’66111 116611 1611 1611611161616116 1111111111111116616 1116-
11116 6661611 111 1616 1111616111116166 1 jan. 196016-

 

